'1⁸1’ss

ἀμ111 :³⁸ 111111 11 9.-1· dum 19111 11
¹ ···=1r 'aas 1919δό ··.·;1 91-191 12¹· 11 91 ·,1 -v ·¹
”w ’911 ⁴ ¹⁰5 1⁰¹3! '12¹0ss 11 ww 911 τ· ¹¹ ·ιι 1991111119

11194199 91990191111111 3191919191 19911919 §nn-gn 119191·9·91111ἀ.ι 199 19191111
[unu-3¹0 ,W 91999 tvm 1999931191111191911ιῒ11191199919Ξ91119911ῐ9*ουρ
’91919 ιιι-91 wunsam 39191 9 mum ό 19 ’111199 19111191 §arpayacum
19 n 'amm ..·.·, 19 ιἰι 999991 9911 91 19 99999 ι1111911111 199119919δ11 919
9 cm 99911 19991 ,191·1111911 9⁸¹¹!'¹'¹5¹¹'k⁸'²! 1111191991919999119191 1919111111
Aa ff 1111999999 99991 deusd 19911199 1919 11111119 11999 9111 99-99 ..9 ar, d

ww 1⁸⁸ 111 tvm ’111111 '1¹¹⁸ 1-1 †‹··¹·. Ὶυ11 111911

1199 1119119999 919991 99119 9911 11119911111911199199 ‘dm‘ 11119911999111
mem 9911 99 999 191119191199991911 19111· 1991119 1991 1991119991999
1990999999991911 91111 1919911 91111 99199911 91111 9191999 1191991 11
1119991191 1191919 9919911999 99 9111199991· 91 9919999 apt 911919 9911
91 'ymo 9 1111199999 9111199 11 ”NP ’111199 9 1119990091 999 11 “,.·,
19919919 ’99991 9 agatem: 91111 19999919 9911 191911 ei 199 1199119 9111991
...19919 9 1991911 9119999199 11111999 9911 9911 1911991 199191 1991· 1199119
9111 999 1919 9199111 199 1991119991999 991199 91991 ’19919 1991 191
111199119991119191991 9199999991 1991111 11199 ξ9 11199919191999
9151 ι 99 9999911919 1991 9911 9191 11 91 9991199999 Ι 1191111919 99911111·Ι
91119919 9911 1991119919 991 ,19991 111991 9911119999 9999911919 991·
m 91 9991119911999 999991 1111199119 9991919991 199119919911 9 999111
99191199 9199111 9999911111 91111 999991119919 9199 'a‘ffl’n 9 99 11 9919
9199919 99199999 ’9999911919 19199911 9911 99991911 19119191111119
1999999999991199991199919991 919 1191119999 191 1199119919 99 91111 ct
9 9911999 9119119199 9911119919 9119991 11911 919 199119999911 9 1911999999
99 ’.1999ὸῖ991 99911 ·.·9919991911911919911991 999191 9911 99911999
919999 Ι1999199 9 119 99 1919999999 1999191119 99199 991 99991991
9911 9119 99 99 ’.199991 919 991199 9919119199 9191119999 «copta-<pr
⁸⁴9² 91 91111 9119919119 991 ιλ 91911 119919999991191 9999 1119119)ο 01
999991 991 9911 9119191911 191 91111
1969111191 11 9191 19191991199 19991 9191191911 1991 9919919 9991
9119 19991991999191999191199191999911 1191 19 1199911 9 19991 ’99919
2¹2⁵! 91911991 919919 9991 991 1199999191 9911 9999 1119919111 9191991199
ru 119999 1991111 91 1999191199 1991 99 1911119999 91111 91919 m (ι’
91999919 9911119119 9991199
,991 191 9ο 9911 9991919119 191 99 91111 1919199199 99 199911 9199999
,1999199999 191 999 1919111991 999991 991 9991191 ι11111 91991199
99991999991199199 991 9191199119 1999199119 9 9911 191 ’1911999119

99111199) W}

 

