11111111111111111111. 111111131 Ἰυς 'Um‘ ‘'xm-’⁰²⁶⁵‘
1111111111 *1111111111 111111 1111
umqum ω1ωηη w51m ·1·

U
‘tssufflmtwnn ffinwmwmun ὕ
111111 111- .·.“11“111··1··11111·11 11 1.··1ι 111111 11111

72.- 1111· 5 11111111 1111111111 111 11111111 ,111 111 11111 1111113 ’11111111
1111111111 1111 1111111111* 111111 11111 1111 mox 1111111111 1111111111
111 ’11111 1111 11 '2'0'0 111111 11111 111111 11 1111011111 ’11111111
41111·111’11111·111111111 11 1111111111111111111111111111111 1111111111
-55' 5 11111111 11111111 ’111 1111111111 11111 1111111111Ἶ1111111 11111 1111.
ιι 11111111 1111111111 11.111111.11 11111111· 111. 1111111111· 1111111111

1111111 1111111111111111· 1111111111 111·1111111·11111 1111111111 1111111

.. 1111 1111 111111 11111111 1111 11111111111111111111111111111111111
,111111111111111111 1111111111 11111111 75 5155001· ’11111111 11111111
*msa 1111111111 ·111·1111111111111ρ11111111111 ’1111111111 1111 1111 ca
11111 111111111 1111111111111111111111111111 11111 1110111 ,1111111111
1011111111 111111 1111111 1111 1111111111111111111 11111111111111111111
ιι1111111111111 ,1111111 1111 ’1111111111111111 11111111 11111111111111 111

3 1111111111111 11111111 1111111111 111111 1111 ·11.1111.1οὸω11 1111111111·

1131 13111111 11111111 11111111 11111111 57 111111 ,1111111111 11111111 111111111111.
1111111111111111111 1111 1111111111111111111111 11 75 11111111 ..spani

1111111111 1111 1111111 11111111 1111 11 11111 (11111111 11 11111111
11111111 1111111111 1111111111· 1111111 1111111 111111 1111111111 111111
1111111111 11111111 111111 1111111111111111 5 1111111111111111111111111
11111 1111· 1111111111111 11111 52 ,1111111111 111 111111 111 1111111111
⁴35 5 1111111111111 1111111111111 111111 1111111111 ,11111111 1111111111
-111 1111 11111 1111111111 1111111111 1111 111111 5 11111 1111111111 11111
2 11111111 ,1111111111 1111111111111 1111111111( 5 1111111111 1111 75 1⁶³⁸
11111111111111 1161111111 1111111111 1111 111111 11111111111111 1111111
μισ-11111 11111 111111 11111111· 111111 111 1111 1111 111111 111 1111111111 οι
«1111111111 1111111111 1111111111 111 11 1111111111 ,1111111111 1111111111
111 1111 11111111 1111111111 111 11111111111111 1111111111 11111111
pn 1111111111 1111 ’1111111 1111111111· 11111 ’1111111111 1111111111 552
111111 3111111111111 1111111111 1111111111 111 111111 5 11 1111111111
ι1111111 11 1111111111ὸῖ 11111111 11111111·
1111111111 11111111 111 1111 1111111·11111111111111 1111111111· 111 1111111111
³7⁷2me 1111111111 11111111111111111111111 1111. 1111111111 11111
...11.811111111111111111 11111111 111111111111111 1111 111111111111111111
1111111111. 111111 11.·11111111111 52 111111 111111111111111 11111111

'mmm 555

 

