333333 33333 ’333 33333333 33333 33333 (3 333 .ao920.1029.102902939

qwmwm mwmnwwwm'mmw
Ag 3333333333 33 333 (333) &qm 33333333 33333 [33333 33 333 ,33 33
'12³ 33 9 33 333333 q 33333 33333 333333 3 33 (g ¹00?- ’3 3833 333332

333·3333333η333η 333333

333333333
wwnwwwwwmfflmemmwww
·fflnzzmwwwkn 33333 33333

333333 33 5333 ,5333333333 3333 3333333333 33333 3333 333333333
3, 333 5333333333 3333333 53 333333 ,33533 3333 33333333 533 333 ’3333
5333333333 90391' 33 ‘999919 33333333333’ 33 33333 33 <53> 53333333 33
3 2 3 533333333333 33 3 33133333 333 3333 3333333333 333 QYWJ. 533
3333 33333333 3333333333333 33333333 333333 3333 ι 333 9 33 Ι3 3533333
-33333 3333 3333 333333 ,3333333 333 3333 33333333 53333333 53333
333333 5333333 533 3333 3333333 333 533 3333 33333 33333 533 333
3333333333 333333 3333 3333 33333333 333 3333333 3133 53333333333 33
3333 33333333 333 3333333 333 33333 33333 ί3333533333 33333333
1⁶0 5333333333 33333 533 3 3333 3333333333 3 99 33 3333333ῐ 33333 33333
3333 3333 (3333333, 33333 333 33 5533333333 333 3333333333 33
5333 3 3333333 33 3333 5333 333333 33333333 333 3333333 33 333
-33333 5533333333 333 53333333 3333 333 53333333 ’33333333 333 53333 33
33333 3 333 33 3333333 3 33333333 333 533 5333333333 33333 ,333
33333 ,3333333333333 3333333333 3333 3333333333 333 33333 333 3333
33333333 333 333 333333333 33333 3335333 »5333333333 33333 3333
q 92 33333 »3333333333 333 333333333 ε3333 3333333333 3 5333 99 33
»5333333333 333 ,33333 333 333 3 5333333333 333333 333 3333333333 91
33 3333 33333 333 3333 53333333 3333 3333333353 5333 (3333 333 33
f 53333 333 533 3333 333333 3333 333 3333 3333333 33333333 33333
3333 <33> 3333 3333 5333 3333 53333 3333 33 ’3333333333 333333 3333
3Ι33 533 3333333 5333 3333333333 33333333333 33333 3333333 3333333333
333 3333 33333333 3333533 53333 533333 533333 33333 33533 3333 01
3333333 33333 333335 3333 33333 333 3333333 333335 3333333 3333
-33333 3333333333 33333 53333333 3333 3 ,33333 3333 33333333333
333333 3333333 333 3333333333 3333333333 333 3333 533333333
333 33 53333333 333 3333333333 33333333 3333333333 333 53333333
3335 33 533333 «⁶⁶9² 3333 3333333333 333333 333333 333 3333 33 33333
1⁴9 5333333 3333333333 333333 5333 3 “M1⁰². 333333 ’33333333 3333333
3333 3333333333 33333333 53333333 533 333 3333 3333333333333 33333
,303 99, Ιι 53333333 533333 5333 3333 53333 33333 333 333 ί3333333
3333 33333333 3333 33333333 <33>33 33 ’53333333 533 3333333 333333

effi vffiwflmssmwffl

 

